00000000000000000000000000000000000000000000000000000000000000000000000000000000000000000000000000000000000000000000000000000000000000000000000000000000000000000
00000000000000000000000000000000000000000000000000000000000000000000000000000000000000000000000000000000000000000000000000000000000000000000000000000000000000000
00000000000000000000000000000000000000000000000000000000000000000000000000000000000000000000000000000000000000000000000000000000000000000000000000000000000000000
00000000000000000000000000000000000000000000000000000000000000000000000000000000000000000000000000000000000000000000000000000000000000000000000000000000000000000
00000000000000000000000000000000000000000000000000000000000000000000000000000000000000000000000000000000000000000000000000000000000000000000000000000000000000000
01010100100100100100010000100000000000000000000000000001001001001001000100000000000000000000000000000000000001001001000100000000000000000000000000000000000000000
11111111111111011011101111011111111011011010101010100101111111110110111011111111111101101101010101010010001011110110111011111111111110110110101010101001000100000
11101101101011111101110101010000001010100101001000010011101101011101101101010010000101010010100100001000100010111101101101010010000010101001010001000100010000100
11111111111101010110101010101111101010010010100101000101111011101110110101011010110100101001001001000010000011101011010110101101111010010100001010010001000010000
11101101011111101101101110110010010101010100010000100011011110110101101101101010101010100100100100101000101010111101111010110101001010100101100100001000001000000
11111111110101110110110101011010101010101010100101001001110111101110110110101010101010010101010010000100000011101011010110101010101010101000010010100010100000100
11011011011110101101011011010101010100100010010010000101111010111011011010101010101010101001001001010001001010111101101011010101010101010101010001001000000100000
11111111110111110111101101010101010101010101001000101011011111011101101011011011010101010100100100001000100011101011011101011010101010010010101010010010100001000
11101101111010101101010101101010101010010010010010000001110101101010110101101010101010010010010010100010000011011101101010101011010101001010000100000100001000000
11111111011111111011101101010110101001010100100100101011111111111111011010101010101001010101001000010000100101110110110111010101010101010101010010101000100001001
11011011101010101101010110101010101010101010010010000010101010101010101101010101010101001001010010100100000011011011011010110101010101010001001000010001000100000
11111110111111011011111010110101010101000101001001010101111111110111110110110110101010101010001001000010101011101110110101011010101010010100100101000100000000000
11101111110101110110010101010101010101010000100100000011101101011010011011011010101010100101010100010000000010111011011011010101010101010101010010010001010010100
11111011011111011011101110110110101010101101010010101010111011101111101010101010101010010100100010001010100011101101101101101011010101001001001001001000000000000
11011111110101101101010101010101010100100010001000000011111110111010110110101010101001010010010001010000001011011011010110101101010100101010100100100010101001000
11111101011111011110111011010101010010101010100101010010101011101101011010110101010101010101001010000101000011110110111010110101010101010100010010001000000000000
11101111110101110101101101011010101010101001010001001011111110110111101011010101010101010010100100101000010010111101101101010101010101010010101001010010010100100
11111101111111011011010101101010101010010100001010000010110111011010101101011010101010101000010010000010000011010110110110101010101010101001000100000100000000000
11011111010101101101101101010101010101010010100100101011111011101110110110101010101010010101010001010000101011111011011011011010101010010100101001010001010010000
11110111111111011110110110101010101010101001010001000001011101110101101011010101010101001010001010001010000010101101101010101011010101010010100100100100000000100
11111101011011110101011010110101010101000100101010010101110111011110111010110110101010101001010001000000100011110110110110110101010101001010010010001001001000000
11011111110110101111101011010110101001010101000000100011111101101011010110101010101010100101001010010100001011011101101011010101010101010101001001000000000010010
11111011011111011010101101010101010101010010010101001001101110111101101011010101010101010100100100100010100011101011011101011010101010101000100100101010101000000
11101111110101110110110101101010101010101001010010000011110111101011011101011010101010010010010010001000000010111110110101101010101010010101010010000000000001000
11111101111110111011011010101010101010010100100100101010111101011101101010101010101001010101001001000100101011101011011010101011010101010010001001010101010000000
11011111010111010110101101101101010101001010010001000011101111110110110110110101010101001001010010010001000010111101101101101101010101001001010100001000000100100
11111011111011111011110110101010101001010010100100010010111010101101011011010110101010101010001001001000000011101011010110101010101010101010100010100010010000000
11101110101110101101010101010101010101010100010010100011101111110111101101011010101010100101010010000101010011011101111010110101010101010100010100010001000010010
11111111111011110110110110110101010101001010101000001010111010111010110101101010101010010100100100100000000011110110101011010101010100100010100010100100001000000
11011011011110101101011011010110101010100100000101010011111111010111010110101010101010101010010010010101001010111011011101010110101010101010010100010001000001000
11111111110111011011101101010101010100101010110010000010101011111010111010101010101010100100100100100000000011101101101010110101010101010101010010001000101000000
11110110111010111101010101011010101010100100001000101011111101010111010101101101010101010010010010001010101010110110110111010101010101001001001001010010000010010
11011111101111101011110110101010101010010010100101000001101111111010110110101010101010010101001000100000000011101101101010101010101010101010010010000000100000000
11111011011010111101011011010101010101010101010000010101111010101111011010110101010101010010100101001010010011011110111011011011010101010001001001010100001001000
11111111111111010110101010101010101001010010001010100011101111110101101101010101010101001001010000100000100011110101101101010101010100101010100100000010100000000
11011010110101111011101101101101010101001001010010001001111010101110110110110110101010101010001010001010000010111011010101101010101010100100101001010100001001000
11111111111111010110110110101010101010101010001000100011011111110101010101010101010100100101010001010000010011101101110110101101010101010101000100100001000000010
11101110101011101101011010110101010101010101010010010011110101011111101101101010101010101000100100000101000110110110101011010101010101001001010010001000010100000
11111011111101011011101011010101010100100001001001001001101111101010110110101101010101010101001010101000010011011101111101011010101010101010010100100101000001000
11011111011111110110101101010101010101010100100100000101111101111011011010110101010100100100100001000001000011110110100101101011010101010010100010010000001000000
11111101110101011101110101010110101010010101010010100011101110101101101011010101010101010010101010010100000010101101111010101010101010010100010100100101000001000
11101111111111101011010110110101010101010010001000010101110111110110110101010101010101001010010001000001010011111011010111011010101010101010100010000000010100001
11111101010101011101101011010101010010101001010010100010111101011011011011011010101010101001001010010100000110101110111010101010101010100010010100101010000000000
11011111111111110110111101010101010101001010001001001011101111101101101101101010101010100101010001000001000011110101010101101010101010011001001001000001010010010
11110110110101011011010101101010101010100101010100000001111010110110110101010101010100101010001010010100010010111111101110101101010101001010100100101000000000000
11111111111111101101101010101101010101010010000010101011011111011101101101011010101010101001010000100001000011101010110101010101101010101001010010000101001001000
11011011010101011011011101010101010100101001011000000011110101110110110110101011010101001010001010001000010011011101011011011010101010100100100100101000010000000
11111111111111101101101011010101010101001010100010101001101111011011011011010101010100101001010001000101000011101011101101101010101010010101001001000010000100100
11101101010101110110110101101010101010101000010100010011111011101101101010110101010101010100101010010000001010111101010101010101010101010100100100010001000000000
